0 0.192969 0.4836808888888889 0.03281200000000001 0.059722000000000025
0 0.2017575625 0.47395788888888885 0.03359400000000001 0.06249999999999995
0 0.2177739375 0.3333328888888889 0.015624000000000027 0.030556000000000003
0 0.228515875 0.419792 0.028905999999999987 0.03333299999999998
0 0.2382815 0.4111108888888889 0.015625 0.029166999999999967
0 0.4539065 0.3635417777777778 0.015625 0.02499999999999996
0 0.5296875 0.3652778888888889 0.015625 0.02777799999999993
0 0.564453375 0.3319444444444445 0.012499999999999956 0.013888999999999966
0 0.620703375 0.33784755555555557 0.013281000000000098 0.020833000000000004
0 0.6412109375 0.3704857777777778 0.014843999999999968 0.02499999999999996
0 0.66718775 0.4024302222222222 0.02421899999999999 0.03888900000000003
