0 0.4695315 0.47482592375366567 0.07890600000000003 0.10785399999999998
0 0.08339893749999999 0.45050430205278585 0.077343 0.12192200000000007
0 0.1845705625 0.48774564222873895 0.09687499999999999 0.18991799999999998
0 0.2794921875 0.4584170263929619 0.05390600000000001 0.11840499999999998
0 0.5492185 0.44815309677419357 0.04765699999999995 0.09847599999999995
0 0.56718725 0.4507841671554252 0.03906299999999996 0.07737400000000001
0 0.616015625 0.47453164809384163 0.051562 0.10433799999999994
0 0.66796925 0.446676513196481 0.03984300000000007 0.05978899999999999
0 0.742578625 0.4692550967741935 0.05234299999999992 0.09847500000000005
0 0.7818354375 0.4443315131964809 0.029688000000000048 0.05978900000000007
0 0.8173828125 0.4830288211143695 0.041406000000000054 0.09495899999999995
0 0.820702875 0.4252730322580645 0.028124999999999956 0.03517000000000004
0 0.8513671875 0.449314788856305 0.05312500000000009 0.064478
0 0.8869138125 0.4800962697947214 0.04140599999999994 0.08909700000000002
0 0.9349606875 0.4701328211143695 0.03749999999999998 0.09495900000000003
0 0.94999975 0.4560586158357771 0.025000000000000022 0.071512
0 0.982813 0.45840671847507336 0.03203099999999992 0.08323499999999995
