0 0.798230875 0.4499720699708455 0.402941 0.446559
0 0.0586513125 0.725778638483965 0.089216 0.19619399999999992
0 0.0635533125 0.4973359941690962 0.088235 0.21376300000000006
0 0.095994375 0.2632870379008746 0.04411699999999999 0.11713000000000004
0 0.1801966875 0.7739671574344023 0.1 0.25475800000000004
0 0.201799625 0.15922537900874636 0.08333399999999999 0.168375
0 0.19790125 0.47977326822157434 0.071569 0.21083499999999994
0 0.381992875 0.844136498542274 0.18431399999999998 0.30600299999999997
0 0.39872875 0.45905795043731784 0.14999999999999997 0.310395
0 0.4193743125 0.08017492711370262 0.12058799999999997 0.162518
0 0.83858725 0.8676648833819243 0.320589 0.25915099999999996
